Param:
  RenderSize:
    WinSize:
      x: 0
      y: 0
      w: 1440
      h: 900
    LeftSize:
      x: 0
      y: 0
      w: 576
      h: 900
    RightSize:
      x: 0
      y: 0
      w: 864
      h: 900
    px2mm: 11.8722
  RenderDemo:
    demoText: "Hello World!"
  VehParam:
    length: 4685.0
    width: 1919.0
    frontOverhang: 959.0
    rearOverhang: 1006.0
    wheelBase: 2720.0
    tireLength: 719.0
    tireWidth: 245.0
    mirrorWidth: 126.5
    rearAxisHeight: 343.0
    steerRadMax: 8.5
  CamParam:
    Front:
      IntParam:
        width: 1280.0
        height: 800.0
        cu: 639.8159790039
        cv: 399.3649902344
        fx: 316.3399963379
        fy: 316.4689941406
        k1: 0.1066680029
        k2: -0.0191156995
        k3: 0.0057646199
        k4: -0.00143601
      ExtParam:
        rx: 1.20908
        ry: -3.11359
        rz: 1.58285
        tx: 3674.28e-03
        ty: 8.09919e-03
        tz: 312.682e-03
    Rear:
      IntParam:
        width: 1280.0
        height: 800.0
        cu: 637.5520019531
        cv: 396.6229858398
        fx: 318.9719848633
        fy: 318.7969970703
        k1: 0.1000569984
        k2: -0.0128979003
        k3: 0.0026686401
        k4: -0.000899497
      ExtParam:
        rx: -2.19212
        ry: -0.00502303
        rz: 1.58127
        tx: -963.793e-03
        ty: 58.3925e-03
        tz: 644.106e-03
    Left:
      IntParam:
        width: 1280.0
        height: 800.0
        cu: 639.882019043
        cv: 402.4339904785
        fx: 318.5299987793
        fy: 318.483001709
        k1: 0.1068969965
        k2: -0.0192006994
        k3: 0.0059900898
        k4: -0.00151602
      ExtParam:
        rx: 0.796057
        ry: -3.12398
        rz: 3.13886
        tx: 1961.01e-03
        ty: 1067.69e-03
        tz: 782.74e-03
    Right:
      IntParam:
        width: 1280.0
        height: 800.0
        cu: 635.6810302734
        cv: 398.466003418
        fx: 317.7099914551
        fy: 317.7139892578
        k1: 0.1088339984
        k2: -0.0214514993
        k3: 0.0069896602
        k4: -0.00168164
      ExtParam:
        rx: 0.816271
        ry: 3.13106
        rz: 0.0125896
        tx: 1936.17e-03
        ty: -1059.96e-03
        tz: 793.104e-03
    

